// ガウシアン関数によるウェイトファイル
export const weightFile25 = [
    [0.000, 0.000, 0.000, 0.000, 0.000, 0.000, 0.000, 0.000, 0.000, 0.000, 0.000, 0.000, 0.000, 0.000, 0.000, 0.000, 0.000, 0.000, 0.000, 0.000, 0.000, 0.000, 0.000, 0.000, 0.000],
    [0.000, 0.000, 0.000, 0.000, 0.000, 0.000, 0.000, 0.000, 0.000, 0.001, 0.001, 0.001, 0.001, 0.001, 0.001, 0.001, 0.000, 0.000, 0.000, 0.000, 0.000, 0.000, 0.000, 0.000, 0.000],
    [0.000, 0.000, 0.000, 0.000, 0.000, 0.000, 0.001, 0.001, 0.002, 0.002, 0.003, 0.004, 0.004, 0.004, 0.003, 0.002, 0.002, 0.001, 0.001, 0.000, 0.000, 0.000, 0.000, 0.000, 0.000],
    [0.000, 0.000, 0.000, 0.000, 0.000, 0.001, 0.002, 0.003, 0.005, 0.007, 0.009, 0.011, 0.011, 0.011, 0.009, 0.007, 0.005, 0.003, 0.002, 0.001, 0.000, 0.000, 0.000, 0.000, 0.000],
    [0.000, 0.000, 0.000, 0.000, 0.001, 0.002, 0.004, 0.007, 0.012, 0.017, 0.023, 0.027, 0.029, 0.027, 0.023, 0.017, 0.012, 0.007, 0.004, 0.002, 0.001, 0.000, 0.000, 0.000, 0.000],
    [0.000, 0.000, 0.000, 0.001, 0.002, 0.004, 0.009, 0.016, 0.027, 0.040, 0.053, 0.062, 0.066, 0.062, 0.053, 0.040, 0.027, 0.016, 0.009, 0.004, 0.002, 0.001, 0.000, 0.000, 0.000],
    [0.000, 0.000, 0.001, 0.002, 0.004, 0.009, 0.018, 0.034, 0.056, 0.082, 0.108, 0.128, 0.135, 0.128, 0.108, 0.082, 0.056, 0.034, 0.018, 0.009, 0.004, 0.002, 0.001, 0.000, 0.000],
    [0.000, 0.000, 0.001, 0.003, 0.007, 0.016, 0.034, 0.062, 0.103, 0.151, 0.200, 0.236, 0.249, 0.236, 0.200, 0.151, 0.103, 0.062, 0.034, 0.016, 0.007, 0.003, 0.001, 0.000, 0.000],
    [0.000, 0.000, 0.002, 0.005, 0.012, 0.027, 0.056, 0.103, 0.169, 0.249, 0.329, 0.389, 0.411, 0.389, 0.329, 0.249, 0.169, 0.103, 0.056, 0.027, 0.012, 0.005, 0.002, 0.000, 0.000],
    [0.000, 0.001, 0.002, 0.007, 0.017, 0.040, 0.082, 0.151, 0.249, 0.368, 0.486, 0.574, 0.607, 0.574, 0.486, 0.368, 0.249, 0.151, 0.082, 0.040, 0.017, 0.007, 0.002, 0.001, 0.000],
    [0.000, 0.001, 0.003, 0.009, 0.023, 0.053, 0.108, 0.200, 0.329, 0.486, 0.641, 0.757, 0.801, 0.757, 0.641, 0.486, 0.329, 0.200, 0.108, 0.053, 0.023, 0.009, 0.003, 0.001, 0.000],
    [0.000, 0.001, 0.004, 0.011, 0.027, 0.062, 0.128, 0.236, 0.389, 0.574, 0.757, 0.895, 0.946, 0.895, 0.757, 0.574, 0.389, 0.236, 0.128, 0.062, 0.027, 0.011, 0.004, 0.001, 0.000],
    [0.000, 0.001, 0.004, 0.011, 0.029, 0.066, 0.135, 0.249, 0.411, 0.607, 0.801, 0.946, 1.000, 0.946, 0.801, 0.607, 0.411, 0.249, 0.135, 0.066, 0.029, 0.011, 0.004, 0.001, 0.000],
    [0.000, 0.001, 0.004, 0.011, 0.027, 0.062, 0.128, 0.236, 0.389, 0.574, 0.757, 0.895, 0.946, 0.895, 0.757, 0.574, 0.389, 0.236, 0.128, 0.062, 0.027, 0.011, 0.004, 0.001, 0.000],
    [0.000, 0.001, 0.003, 0.009, 0.023, 0.053, 0.108, 0.200, 0.329, 0.486, 0.641, 0.757, 0.801, 0.757, 0.641, 0.486, 0.329, 0.200, 0.108, 0.053, 0.023, 0.009, 0.003, 0.001, 0.000],
    [0.000, 0.001, 0.002, 0.007, 0.017, 0.040, 0.082, 0.151, 0.249, 0.368, 0.486, 0.574, 0.607, 0.574, 0.486, 0.368, 0.249, 0.151, 0.082, 0.040, 0.017, 0.007, 0.002, 0.001, 0.000],
    [0.000, 0.000, 0.002, 0.005, 0.012, 0.027, 0.056, 0.103, 0.169, 0.249, 0.329, 0.389, 0.411, 0.389, 0.329, 0.249, 0.169, 0.103, 0.056, 0.027, 0.012, 0.005, 0.002, 0.000, 0.000],
    [0.000, 0.000, 0.001, 0.003, 0.007, 0.016, 0.034, 0.062, 0.103, 0.151, 0.200, 0.236, 0.249, 0.236, 0.200, 0.151, 0.103, 0.062, 0.034, 0.016, 0.007, 0.003, 0.001, 0.000, 0.000],
    [0.000, 0.000, 0.001, 0.002, 0.004, 0.009, 0.018, 0.034, 0.056, 0.082, 0.108, 0.128, 0.135, 0.128, 0.108, 0.082, 0.056, 0.034, 0.018, 0.009, 0.004, 0.002, 0.001, 0.000, 0.000],
    [0.000, 0.000, 0.000, 0.001, 0.002, 0.004, 0.009, 0.016, 0.027, 0.040, 0.053, 0.062, 0.066, 0.062, 0.053, 0.040, 0.027, 0.016, 0.009, 0.004, 0.002, 0.001, 0.000, 0.000, 0.000],
    [0.000, 0.000, 0.000, 0.000, 0.001, 0.002, 0.004, 0.007, 0.012, 0.017, 0.023, 0.027, 0.029, 0.027, 0.023, 0.017, 0.012, 0.007, 0.004, 0.002, 0.001, 0.000, 0.000, 0.000, 0.000],
    [0.000, 0.000, 0.000, 0.000, 0.000, 0.001, 0.002, 0.003, 0.005, 0.007, 0.009, 0.011, 0.011, 0.011, 0.009, 0.007, 0.005, 0.003, 0.002, 0.001, 0.000, 0.000, 0.000, 0.000, 0.000],
    [0.000, 0.000, 0.000, 0.000, 0.000, 0.000, 0.001, 0.001, 0.002, 0.002, 0.003, 0.004, 0.004, 0.004, 0.003, 0.002, 0.002, 0.001, 0.001, 0.000, 0.000, 0.000, 0.000, 0.000, 0.000],
    [0.000, 0.000, 0.000, 0.000, 0.000, 0.000, 0.000, 0.000, 0.000, 0.001, 0.001, 0.001, 0.001, 0.001, 0.001, 0.001, 0.000, 0.000, 0.000, 0.000, 0.000, 0.000, 0.000, 0.000, 0.000],
    [0.000, 0.000, 0.000, 0.000, 0.000, 0.000, 0.000, 0.000, 0.000, 0.000, 0.000, 0.000, 0.000, 0.000, 0.000, 0.000, 0.000, 0.000, 0.000, 0.000, 0.000, 0.000, 0.000, 0.000, 0.000],
];

export const weightSum25 = 56.545; // 端数処理は要検討

export const weightFile13 = [
    [0.000, 0.000, 0.000, 0.000, 0.000, 0.000, 0.001, 0.000, 0.000, 0.000, 0.000, 0.000, 0.000],
    [0.000, 0.000, 0.000, 0.001, 0.003, 0.005, 0.006, 0.005, 0.003, 0.001, 0.000, 0.000, 0.000],
    [0.000, 0.000, 0.001, 0.006, 0.016, 0.030, 0.037, 0.030, 0.016, 0.006, 0.001, 0.000, 0.000],
    [0.000, 0.001, 0.006, 0.025, 0.069, 0.128, 0.157, 0.128, 0.069, 0.025, 0.006, 0.001, 0.000],
    [0.000, 0.003, 0.016, 0.069, 0.193, 0.358, 0.440, 0.358, 0.193, 0.069, 0.016, 0.003, 0.000],
    [0.000, 0.005, 0.030, 0.128, 0.358, 0.663, 0.814, 0.663, 0.358, 0.128, 0.030, 0.005, 0.000],
    [0.001, 0.006, 0.037, 0.157, 0.440, 0.814, 1.000, 0.814, 0.440, 0.157, 0.037, 0.006, 0.001],
    [0.000, 0.005, 0.030, 0.128, 0.358, 0.663, 0.814, 0.663, 0.358, 0.128, 0.030, 0.005, 0.000],
    [0.000, 0.003, 0.016, 0.069, 0.193, 0.358, 0.440, 0.358, 0.193, 0.069, 0.016, 0.003, 0.000],
    [0.000, 0.001, 0.006, 0.025, 0.069, 0.128, 0.157, 0.128, 0.069, 0.025, 0.006, 0.001, 0.000],
    [0.000, 0.000, 0.001, 0.006, 0.016, 0.030, 0.037, 0.030, 0.016, 0.006, 0.001, 0.000, 0.000],
    [0.000, 0.000, 0.000, 0.001, 0.003, 0.005, 0.006, 0.005, 0.003, 0.001, 0.000, 0.000, 0.000],
    [0.000, 0.000, 0.000, 0.000, 0.000, 0.000, 0.001, 0.000, 0.000, 0.000, 0.000, 0.000, 0.000],
];

export const weightSum13 = 15.290; // 端数処理は要検討

export const weightFile5 = [
    [0.000, 0.001, 0.004, 0.001, 0.000],
    [0.001, 0.062, 0.249, 0.062, 0.001],
    [0.004, 0.249, 1.000, 0.249, 0.004],
    [0.001, 0.062, 0.249, 0.062, 0.001],
    [0.000, 0.001, 0.004, 0.001, 0.000],
];

export const weightSum5 = 2.269; // 端数処理は要検討

export const weightFile3 = [
    [0.000, 0.021, 0.000],
    [0.021, 1.000, 0.021],
    [0.000, 0.021, 0.000], 
];

export const weightSum3 = 1.086; // 端数処理は要検討

export const weightFile1 = [
    [1],
];

export const weightSum1 = 1;